camera_matrix:
- - 1408.667702608105
  - 0.0
  - 581.86710143226
- - 0.0
  - 1413.1713734319171
  - 386.7064872879079
- - 0.0
  - 0.0
  - 1.0
dist_coeff:
- - 0.14492674802021563
  - -1.2717009645035573
  - 0.0017981479030181081
  - -0.0031943274675175623
  - 4.517287469490079
